[Camera]
Brightness=128
Contrast=32
Saturation=28
Gain=255
Exposure=1000

[BLUE]
hue=205
hue_tolerance=14
min_saturation=45
min_value=0
min_percent=0.300000
max_percent=50.000000

[Find Color]
hue=60
hue_tolerance=15
min_saturation=65
min_value=10
min_percent=0.300000
max_percent=50.000000

[RED]
hue=0
hue_tolerance=15
min_saturation=55
min_value=0
min_percent=0.300000
max_percent=50.000000

[YELLOW]
hue=70
hue_tolerance=31
min_saturation=85
min_value=0
min_percent=0.300000
max_percent=50.000000

[Offset]
ID_01=0
ID_02=0
ID_03=0
ID_04=0
ID_05=0
ID_06=0
ID_07=0
ID_08=0
ID_09=0
ID_10=-533
ID_11=0
ID_12=0
ID_13=0
ID_14=0
ID_15=0
ID_16=0
ID_17=0
ID_18=0
ID_19=0
ID_20=0
